0.6149341142020498 -0.6442166910688141 0.527086383601757 0.6734992679355783 1
-0.6149341142020498 0.6442166910688141 -0.527086383601757 -0.6734992679355783 -1
0.906801007556675 -0.9370277078085641 0.36272040302267 0.7556675062972291 1
-0.906801007556675 0.9370277078085641 -0.36272040302267 -0.7556675062972291 -1
0.6966178697627461 -0.6966178697627461 0.93891973750631 0.8177688036345281 1
-0.6966178697627461 0.6966178697627461 -0.93891973750631 -0.8177688036345281 -1
0.49504950495049505 -0.49504950495049505 0.297029702970297 2.821782178217822 1
-0.49504950495049505 0.49504950495049505 -0.297029702970297 -2.821782178217822 -1
0.6012024048096193 -0.6012024048096193 0.6412825651302605 2.0040080160320644 1
-0.6012024048096193 0.6012024048096193 -0.6412825651302605 -2.0040080160320644 -1
1.015169194865811 -0.9451575262543758 0.07001166861143523 -0.5250875145857643 1
-1.015169194865811 0.9451575262543758 -0.07001166861143523 0.5250875145857643 -1
0.40404040404040403 -0.40404040404040403 1.245791245791246 -1.4478114478114479 1
-0.40404040404040403 0.40404040404040403 -1.245791245791246 1.4478114478114479 -1
-0.03535651149086623 0.03535651149086623 0.17678255745433116 1.060695344725987 1
0.03535651149086623 -0.03535651149086623 -0.17678255745433116 -1.060695344725987 -1
0.5841924398625429 -0.5841924398625429 0.6872852233676976 0.3436426116838488 1
-0.5841924398625429 0.5841924398625429 -0.6872852233676976 -0.3436426116838488 -1
1.0457516339869282 -1.0457516339869282 0.8496732026143791 6.5359477124183005 1
-1.0457516339869282 1.0457516339869282 -0.8496732026143791 -6.5359477124183005 -1
0.21694214876033058 -0.18595041322314051 0.9607438016528926 -3.0061983471074383 1
-0.21694214876033058 0.18595041322314051 -0.9607438016528926 3.0061983471074383 -1
0.3897911832946636 -0.3897911832946636 0.36194895591647336 5.206496519721578 1
-0.3897911832946636 0.3897911832946636 -0.36194895591647336 -5.206496519721578 -1
0.3469879518072289 -0.3469879518072289 -0.11566265060240963 2.197590361445783 1
-0.3469879518072289 0.3469879518072289 0.11566265060240963 -2.197590361445783 -1
0.42402826855123676 -0.5653710247349824 0.6007067137809187 1.1307420494699647 1
-0.42402826855123676 0.5653710247349824 -0.6007067137809187 -1.1307420494699647 -1
0.5408112168252379 -0.5408112168252379 1.0215322984476716 2.1331997996995495 1
-0.5408112168252379 0.5408112168252379 -1.0215322984476716 -2.1331997996995495 -1
0.5373134328358209 -0.5373134328358209 0.3880597014925373 1.462686567164179 1
-0.5373134328358209 0.5373134328358209 -0.3880597014925373 -1.462686567164179 -1
1.0775510204081633 -1.0775510204081633 1.5673469387755101 6.906122448979591 1
-1.0775510204081633 1.0775510204081633 -1.5673469387755101 -6.906122448979591 -1
0.32640949554896137 -0.32640949554896137 0.6231454005934718 -1.9584569732937684 1
-0.32640949554896137 0.32640949554896137 -0.6231454005934718 1.9584569732937684 -1
0.9860012172854534 -0.9860012172854534 0.8034083992696287 4.126597687157639 1
-0.9860012172854534 0.9860012172854534 -0.8034083992696287 -4.126597687157639 -1
0.3375959079283887 -0.3989769820971867 0.7058823529411764 2.9769820971867005 1
-0.3375959079283887 0.3989769820971867 -0.7058823529411764 -2.9769820971867005 -1
1.6701461377870563 -1.6701461377870563 1.837160751565762 0.8350730688935282 1
-1.6701461377870563 1.6701461377870563 -1.837160751565762 -0.8350730688935282 -1
0.1790154152163103 -0.14917951268025859 -0.4773744405768275 1.2232720039781204 1
-0.1790154152163103 0.14917951268025859 0.4773744405768275 -1.2232720039781204 -1
-0.29268292682926833 0.29268292682926833 0.0 5.560975609756098 1
0.29268292682926833 -0.29268292682926833 -0.0 -5.560975609756098 -1
0.43286573146292584 -0.43286573146292584 0.48096192384769537 -0.3607214428857715 1
-0.43286573146292584 0.43286573146292584 -0.48096192384769537 0.3607214428857715 -1
0.8990011098779134 -0.8990011098779134 1.8645948945615982 2.597114317425083 1
-0.8990011098779134 0.8990011098779134 -1.8645948945615982 -2.597114317425083 -1
0.27906976744186046 -0.27906976744186046 0.5581395348837209 3.627906976744186 1
-0.27906976744186046 0.27906976744186046 -0.5581395348837209 -3.627906976744186 -1
1.5429831006612784 -1.4988978692138133 1.0580455547391623 4.49669360764144 1
-1.5429831006612784 1.4988978692138133 -1.0580455547391623 -4.49669360764144 -1
0.11851851851851852 -0.11851851851851852 0.6222222222222222 -0.8592592592592593 1
-0.11851851851851852 0.11851851851851852 -0.6222222222222222 0.8592592592592593 -1
0.7509386733416771 -0.7509386733416771 1.6145181476846058 -0.41301627033792243 1
-0.7509386733416771 0.7509386733416771 -1.6145181476846058 0.41301627033792243 -1
0.5520414031052329 -0.5520414031052329 0.621046578493387 -0.06900517538815411 1
-0.5520414031052329 0.5520414031052329 -0.621046578493387 0.06900517538815411 -1
0.975609756097561 -0.975609756097561 0.3991130820399113 2.0842572062084255 1
-0.975609756097561 0.975609756097561 -0.3991130820399113 -2.0842572062084255 -1
0.776978417266187 -0.776978417266187 0.3884892086330935 2.41726618705036 1
-0.776978417266187 0.776978417266187 -0.3884892086330935 -2.41726618705036 -1
0.7341490545050056 -0.7341490545050056 1.3348164627363739 -3.8042269187986655 1
-0.7341490545050056 0.7341490545050056 -1.3348164627363739 3.8042269187986655 -1
0.8108108108108109 -0.8108108108108109 0.9950859950859952 3.316953316953317 1
-0.8108108108108109 0.8108108108108109 -0.9950859950859952 -3.316953316953317 -1
0.05410279531109107 -0.0811541929666366 -0.27051397655545534 -0.9467989179440938 1
-0.05410279531109107 0.0811541929666366 0.27051397655545534 0.9467989179440938 -1
0.548258138206739 -0.548258138206739 0.6853226727584237 -1.4049114791547688 1
-0.548258138206739 0.548258138206739 -0.6853226727584237 1.4049114791547688 -1
0.37934668071654376 -0.37934668071654376 1.422550052687039 2.4025289778714436 1
-0.37934668071654376 0.37934668071654376 -1.422550052687039 -2.4025289778714436 -1
-0.06825938566552901 0.06825938566552901 -0.10238907849829351 0.27303754266211605 1
0.06825938566552901 -0.06825938566552901 0.10238907849829351 -0.27303754266211605 -1
0.4140310523289247 -0.4140310523289247 0.621046578493387 3.6227717078780906 1
-0.4140310523289247 0.4140310523289247 -0.621046578493387 -3.6227717078780906 -1
0.600924499229584 -0.6933744221879815 0.600924499229584 2.8659476117103235 1
-0.600924499229584 0.6933744221879815 -0.600924499229584 -2.8659476117103235 -1
0.3112033195020747 -0.3112033195020747 0.7780082987551867 0.24896265560165975 1
-0.3112033195020747 0.3112033195020747 -0.7780082987551867 -0.24896265560165975 -1
0.293398533007335 -0.293398533007335 -0.07334963325183375 2.1271393643031784 1
-0.293398533007335 0.293398533007335 0.07334963325183375 -2.1271393643031784 -1
0.79628400796284 -0.836098208360982 1.0749834107498342 1.19442601194426 1
-0.79628400796284 0.836098208360982 -1.0749834107498342 -1.19442601194426 -1
0.34718569174118885 -0.34718569174118885 0.34718569174118885 0.2524986849026828 1
-0.34718569174118885 0.34718569174118885 -0.34718569174118885 -0.2524986849026828 -1
1.1722141823444283 -1.1722141823444283 1.0419681620839363 4.905933429811866 1
-1.1722141823444283 1.1722141823444283 -1.0419681620839363 -4.905933429811866 -1
0.14705882352941177 -0.12605042016806722 0.9873949579831932 3.361344537815126 1
-0.14705882352941177 0.12605042016806722 -0.9873949579831932 -3.361344537815126 -1
0.4569420035149385 -0.4569420035149385 1.124780316344464 -0.773286467486819 1
-0.4569420035149385 0.4569420035149385 -1.124780316344464 0.773286467486819 -1
0.5130784708249497 -0.482897384305835 0.5432595573440644 5.191146881287726 1
-0.5130784708249497 0.482897384305835 -0.5432595573440644 -5.191146881287726 -1
0.8037825059101655 -0.756501182033097 1.1347517730496455 3.356973995271868 1
-0.8037825059101655 0.756501182033097 -1.1347517730496455 -3.356973995271868 -1
0.2323780015491867 -0.2323780015491867 0.32532920216886135 3.1138652207591018 1
-0.2323780015491867 0.2323780015491867 -0.32532920216886135 -3.1138652207591018 -1
0.3074951953875721 -0.3074951953875721 0.3459320948110186 2.9980781550288276 1
-0.3074951953875721 0.3074951953875721 -0.3459320948110186 -2.9980781550288276 -1
0.1615798922800718 -0.1615798922800718 0.5655296229802513 7.136445242369838 1
-0.1615798922800718 0.1615798922800718 -0.5655296229802513 -7.136445242369838 -1
0.41711229946524064 -0.41711229946524064 0.5775401069518716 1.3155080213903743 1
-0.41711229946524064 0.41711229946524064 -0.5775401069518716 -1.3155080213903743 -1
0.22884882108183077 -0.22884882108183077 -0.14563106796116504 1.6019417475728155 1
-0.22884882108183077 0.22884882108183077 0.14563106796116504 -1.6019417475728155 -1
0.621046578493387 -0.621046578493387 0.8970672800460034 3.829787234042553 1
-0.621046578493387 0.621046578493387 -0.8970672800460034 -3.829787234042553 -1
0.26865671641791045 -0.26865671641791045 0.835820895522388 1.5820895522388059 1
-0.26865671641791045 0.26865671641791045 -0.835820895522388 -1.5820895522388059 -1
0.09336099585062241 -0.09336099585062241 0.4979253112033195 0.995850622406639 1
-0.09336099585062241 0.09336099585062241 -0.4979253112033195 -0.995850622406639 -1
0.36610169491525424 -0.36610169491525424 0.7322033898305085 0.7728813559322034 1
-0.36610169491525424 0.36610169491525424 -0.7322033898305085 -0.7728813559322034 -1
-0.1642335766423358 0.1642335766423358 -0.6295620437956204 -3.1478102189781025 1
0.1642335766423358 -0.1642335766423358 0.6295620437956204 3.1478102189781025 -1
0.3674540682414698 -0.3674540682414698 0.9186351706036745 -1.942257217847769 1
-0.3674540682414698 0.3674540682414698 -0.9186351706036745 1.942257217847769 -1
0.48859934853420195 -0.45602605863192186 1.3355048859934853 -1.5309446254071661 1
-0.48859934853420195 0.45602605863192186 -1.3355048859934853 1.5309446254071661 -1
0.8144796380090498 -0.8144796380090498 0.9502262443438915 0.5429864253393666 1
-0.8144796380090498 0.8144796380090498 -0.9502262443438915 -0.5429864253393666 -1
0.6 -0.6 0.3 5.1 1
-0.6 0.6 -0.3 -5.1 -1
0.03337041156840934 -0.03337041156840934 0.20022246941045607 0.6006674082313682 1
-0.03337041156840934 0.03337041156840934 -0.20022246941045607 -0.6006674082313682 -1
0.8923512747875354 -0.8923512747875354 0.8498583569405098 0.38243626062322944 1
-0.8923512747875354 0.8923512747875354 -0.8498583569405098 -0.38243626062322944 -1
0.02697841726618705 -0.02697841726618705 -0.3237410071942446 2.158273381294964 1
-0.02697841726618705 0.02697841726618705 0.3237410071942446 -2.158273381294964 -1
0.9706411024565609 -0.9706411024565609 1.1503894547633313 0.0 1
-0.9706411024565609 0.9706411024565609 -1.1503894547633313 -0.0 -1
0.3415559772296015 -0.3700189753320683 0.05692599620493359 -0.5692599620493358 1
-0.3415559772296015 0.3700189753320683 -0.05692599620493359 0.5692599620493358 -1
0.28526148969889065 -0.28526148969889065 -0.15847860538827258 2.028526148969889 1
-0.28526148969889065 0.28526148969889065 0.15847860538827258 -2.028526148969889 -1
0.619754680438993 -0.619754680438993 1.8205293737895416 2.6726920593931567 1
-0.619754680438993 0.619754680438993 -1.8205293737895416 -2.6726920593931567 -1
0.8322324966974901 -0.7926023778071334 0.7529722589167768 3.5270805812417434 1
-0.8322324966974901 0.7926023778071334 -0.7529722589167768 -3.5270805812417434 -1
0.4707112970711297 -0.4707112970711297 -0.12552301255230125 -1.5690376569037656 1
-0.4707112970711297 0.4707112970711297 0.12552301255230125 1.5690376569037656 -1
0.5137614678899083 -0.5504587155963303 0.03669724770642202 2.4954128440366974 1
-0.5137614678899083 0.5504587155963303 -0.03669724770642202 -2.4954128440366974 -1
0.2374356944994064 -0.2374356944994064 1.0684606252473288 -3.5852789869410366 1
-0.2374356944994064 0.2374356944994064 -1.0684606252473288 3.5852789869410366 -1
0.0 0.0 0.0 5.538461538461538 1
-0.0 -0.0 -0.0 -5.538461538461538 -1
0.44257112750263433 -0.47418335089567965 0.34773445732349845 0.12644889357218125 1
-0.44257112750263433 0.47418335089567965 -0.34773445732349845 -0.12644889357218125 -1
0.09216589861751152 -0.09216589861751152 0.2764976958525346 2.457757296466974 1
-0.09216589861751152 0.09216589861751152 -0.2764976958525346 -2.457757296466974 -1
-0.10474860335195531 0.10474860335195531 -0.41899441340782123 -2.7234636871508378 1
0.10474860335195531 -0.10474860335195531 0.41899441340782123 2.7234636871508378 -1
0.5937136204889406 -0.5937136204889406 1.0128055878928988 -1.50174621653085 1
-0.5937136204889406 0.5937136204889406 -1.0128055878928988 1.50174621653085 -1
0.663948747815958 -0.663948747815958 0.034944670937682006 3.0052417006406524 1
-0.663948747815958 0.663948747815958 -0.034944670937682006 -3.0052417006406524 -1
1.7086527929901423 -1.7086527929901423 1.1171960569550932 6.900328587075575 1
-1.7086527929901423 1.7086527929901423 -1.1171960569550932 -6.900328587075575 -1
0.0 0.0 0.5413533834586466 -6.2556390977443606 1
-0.0 -0.0 -0.5413533834586466 6.2556390977443606 -1
0.24534302589731943 -0.21808268968650615 -0.7360290776919582 3.5711040436165384 1
-0.24534302589731943 0.21808268968650615 0.7360290776919582 -3.5711040436165384 -1
0.1712654614652712 -0.1712654614652712 0.5994291151284491 0.45670789724072314 1
-0.1712654614652712 0.1712654614652712 -0.5994291151284491 -0.45670789724072314 -1
0.6217616580310881 -0.6217616580310881 -0.6217616580310881 8.082901554404145 1
-0.6217616580310881 0.6217616580310881 0.6217616580310881 -8.082901554404145 -1
0.023319082782743878 -0.046638165565487756 0.0 -3.264671589584143 1
-0.023319082782743878 0.046638165565487756 -0.0 3.264671589584143 -1
-0.29850746268656714 0.29850746268656714 0.0 5.970149253731343 1
0.29850746268656714 -0.29850746268656714 -0.0 -5.970149253731343 -1
0.4543542280185107 -0.4795961295750947 0.12620950778291964 -4.417332772402188 1
-0.4543542280185107 0.4795961295750947 -0.12620950778291964 4.417332772402188 -1
0.14943960149439603 -0.14943960149439603 -0.772104607721046 1.1955168119551682 1
-0.14943960149439603 0.14943960149439603 0.772104607721046 -1.1955168119551682 -1
0.5025125628140703 -0.5025125628140703 0.6365159128978224 2.5460636515912896 1
-0.5025125628140703 0.5025125628140703 -0.6365159128978224 -2.5460636515912896 -1
1.5231187669990933 -1.5231187669990933 1.087941976427924 10.0090661831369 1
-1.5231187669990933 1.5231187669990933 -1.087941976427924 -10.0090661831369 -1
0.7412491420727522 -0.7412491420727522 0.3706245710363761 -1.2354152367879203 1
-0.7412491420727522 0.7412491420727522 -0.3706245710363761 1.2354152367879203 -1
0.8108108108108107 -0.8108108108108107 1.198589894242068 0.9165687426556992 1
-0.8108108108108107 0.8108108108108107 -1.198589894242068 -0.9165687426556992 -1
0.43526785714285715 -0.4017857142857143 1.171875 1.1049107142857142 1
-0.43526785714285715 0.4017857142857143 -1.171875 -1.1049107142857142 -1
0.5368203716448727 -0.5368203716448727 -0.2477632484514797 4.624913971094288 1
-0.5368203716448727 0.5368203716448727 0.2477632484514797 -4.624913971094288 -1
0.7188940092165899 -0.7188940092165899 0.6359447004608295 -2.0737327188940093 1
-0.7188940092165899 0.7188940092165899 -0.6359447004608295 2.0737327188940093 -1
0.7799442896935933 -0.7242339832869081 0.8356545961002786 1.7270194986072425 1
-0.7799442896935933 0.7242339832869081 -0.8356545961002786 -1.7270194986072425 -1
-0.026075619295958277 0.026075619295958277 -0.5736636245110821 2.529335071707953 1
0.026075619295958277 -0.026075619295958277 0.5736636245110821 -2.529335071707953 -1
0.3769140164899882 -0.3769140164899882 0.541813898704358 2.8268551236749113 1
-0.3769140164899882 0.3769140164899882 -0.541813898704358 -2.8268551236749113 -1
0.6976744186046511 -0.6976744186046511 0.5860465116279069 -1.5069767441860464 1
-0.6976744186046511 0.6976744186046511 -0.5860465116279069 1.5069767441860464 -1
0.5466970387243736 -0.5466970387243736 0.5922551252847381 5.011389521640091 1
-0.5466970387243736 0.5466970387243736 -0.5922551252847381 -5.011389521640091 -1
0.0 0.030410542321338066 -0.1824632539280284 -0.21287379624936645 1
-0.0 -0.030410542321338066 0.1824632539280284 0.21287379624936645 -1
0.6016713091922006 -0.6016713091922006 0.5682451253481894 8.222841225626741 1
-0.6016713091922006 0.6016713091922006 -0.5682451253481894 -8.222841225626741 -1
0.37914691943127965 -0.37914691943127965 0.8846761453396524 0.9162717219589258 1
-0.37914691943127965 0.37914691943127965 -0.8846761453396524 -0.9162717219589258 -1
0.5955334987593052 -0.5955334987593052 0.7444168734491315 3.0521091811414394 1
-0.5955334987593052 0.5955334987593052 -0.7444168734491315 -3.0521091811414394 -1
-0.19453450671607225 0.19453450671607225 0.41685965724872626 2.5289485873089395 1
0.19453450671607225 -0.19453450671607225 -0.41685965724872626 -2.5289485873089395 -1
1.6033755274261603 -1.6455696202531647 1.7721518987341773 -1.2236286919831223 1
-1.6033755274261603 1.6455696202531647 -1.7721518987341773 1.2236286919831223 -1
0.0 -0.022831050228310504 0.31963470319634707 1.3926940639269407 1
-0.0 0.022831050228310504 -0.31963470319634707 -1.3926940639269407 -1
0.9968354430379747 -0.9968354430379747 0.7120253164556962 1.6613924050632911 1
-0.9968354430379747 0.9968354430379747 -0.7120253164556962 -1.6613924050632911 -1
1.354656632173095 -1.354656632173095 1.4675446848541864 3.9510818438381943 1
-1.354656632173095 1.354656632173095 -1.4675446848541864 -3.9510818438381943 -1
0.9121621621621622 -0.9121621621621622 1.8581081081081081 0.5743243243243243 1
-0.9121621621621622 0.9121621621621622 -1.8581081081081081 -0.5743243243243243 -1
0.0 0.0 0.0 3.4449760765550237 1
-0.0 -0.0 -0.0 -3.4449760765550237 -1
0.44887780548628425 -0.44887780548628425 0.6359102244389028 2.5810473815461346 1
-0.44887780548628425 0.44887780548628425 -0.6359102244389028 -2.5810473815461346 -1
0.0 0.0 0.0 3.3333333333333335 1
-0.0 -0.0 -0.0 -3.3333333333333335 -1
0.29169783096484664 -0.29169783096484664 0.5160807778608826 2.3560209424083767 1
-0.29169783096484664 0.29169783096484664 -0.5160807778608826 -2.3560209424083767 -1
0.9880239520958084 -0.9880239520958084 1.5718562874251498 3.098802395209581 1
-0.9880239520958084 0.9880239520958084 -1.5718562874251498 -3.098802395209581 -1
0.6685236768802229 -0.6350974930362117 1.1030640668523677 3.877437325905292 1
-0.6685236768802229 0.6350974930362117 -1.1030640668523677 -3.877437325905292 -1
0.29411764705882354 -0.29411764705882354 0.29411764705882354 -3.235294117647059 1
-0.29411764705882354 0.29411764705882354 -0.29411764705882354 3.235294117647059 -1
0.3742203742203742 -0.3742203742203742 1.2474012474012472 -1.6528066528066527 1
-0.3742203742203742 0.3742203742203742 -1.2474012474012472 1.6528066528066527 -1
0.9801136363636365 -0.9801136363636365 0.7244318181818182 10.653409090909092 1
-0.9801136363636365 0.9801136363636365 -0.7244318181818182 -10.653409090909092 -1
0.06169665809768638 -0.06169665809768638 0.2776349614395887 2.652956298200514 1
-0.06169665809768638 0.06169665809768638 -0.2776349614395887 -2.652956298200514 -1
0.7708779443254818 -0.8029978586723769 0.8351177730192719 -1.0278372591006424 1
-0.7708779443254818 0.8029978586723769 -0.8351177730192719 1.0278372591006424 -1
0.0 0.0 0.0 0.30303030303030304 1
-0.0 -0.0 -0.0 -0.30303030303030304 -1
0.13138686131386862 -0.13138686131386862 -0.21897810218978103 3.4817518248175183 1
-0.13138686131386862 0.13138686131386862 0.21897810218978103 -3.4817518248175183 -1
0.5457301667508843 -0.5457301667508843 0.8792319353208691 -3.941384537645275 1
-0.5457301667508843 0.5457301667508843 -0.8792319353208691 3.941384537645275 -1
0.9855453350854139 -0.9855453350854139 1.064388961892247 2.9566360052562417 1
-0.9855453350854139 0.9855453350854139 -1.064388961892247 -2.9566360052562417 -1
0.16371077762619374 -0.16371077762619374 -0.4638472032742156 2.455661664392906 1
-0.16371077762619374 0.16371077762619374 0.4638472032742156 -2.455661664392906 -1
0.262582056892779 -0.262582056892779 0.3282275711159738 2.4945295404814005 1
-0.262582056892779 0.262582056892779 -0.3282275711159738 -2.4945295404814005 -1
0.9304812834224598 -0.9304812834224598 1.9251336898395721 -2.5668449197860963 1
-0.9304812834224598 0.9304812834224598 -1.9251336898395721 2.5668449197860963 -1
0.7168458781362007 -0.6810035842293907 1.0752688172043012 2.9749103942652333 1
-0.7168458781362007 0.6810035842293907 -1.0752688172043012 -2.9749103942652333 -1
0.7817589576547231 -0.732899022801303 0.8794788273615636 3.224755700325733 1
-0.7817589576547231 0.732899022801303 -0.8794788273615636 -3.224755700325733 -1
0.6354009077155826 -0.6354009077155826 1.6036308623298035 -4.810892586989411 1
-0.6354009077155826 0.6354009077155826 -1.6036308623298035 4.810892586989411 -1
-0.1038961038961039 0.1038961038961039 0.025974025974025976 0.15584415584415584 1
0.1038961038961039 -0.1038961038961039 -0.025974025974025976 -0.15584415584415584 -1
0.5463310123192286 -0.5463310123192286 0.38564542046063205 1.3818960899839314 1
-0.5463310123192286 0.5463310123192286 -0.38564542046063205 -1.3818960899839314 -1
0.13904982618771727 -0.13904982618771727 0.3823870220162225 0.34762456546929316 1
-0.13904982618771727 0.13904982618771727 -0.3823870220162225 -0.34762456546929316 -1
1.312803889789303 -1.312803889789303 1.5072933549432739 4.230145867098866 1
-1.312803889789303 1.312803889789303 -1.5072933549432739 -4.230145867098866 -1
0.33195020746887965 -0.33195020746887965 0.8575380359612725 -2.3789764868603043 1
-0.33195020746887965 0.33195020746887965 -0.8575380359612725 2.3789764868603043 -1
0.5236363636363636 -0.5236363636363636 0.3054545454545454 5.0618181818181816 1
-0.5236363636363636 0.5236363636363636 -0.3054545454545454 -5.0618181818181816 -1
0.27797576621525305 -0.25659301496792586 0.19244476122594442 0.9836065573770492 1
-0.27797576621525305 0.25659301496792586 -0.19244476122594442 -0.9836065573770492 -1
-0.059671805072103436 0.029835902536051718 0.029835902536051718 1.7603182496270513 1
0.059671805072103436 -0.029835902536051718 -0.029835902536051718 -1.7603182496270513 -1
0.21061869240895129 -0.21061869240895129 1.474330846862659 -1.6849495392716103 1
-0.21061869240895129 0.21061869240895129 -1.474330846862659 1.6849495392716103 -1
0.525103638876094 -0.525103638876094 1.3542146476278214 -2.51497005988024 1
-0.525103638876094 0.525103638876094 -1.3542146476278214 2.51497005988024 -1
0.0 0.0 0.30612244897959184 3.673469387755102 1
-0.0 -0.0 -0.30612244897959184 -3.673469387755102 -1
0.8538899430740038 -0.8538899430740038 0.5692599620493358 6.774193548387097 1
-0.8538899430740038 0.8538899430740038 -0.5692599620493358 -6.774193548387097 -1
0.5800214822771214 -0.5800214822771214 0.547798066595059 1.1600429645542427 1
-0.5800214822771214 0.5800214822771214 -0.547798066595059 -1.1600429645542427 -1
0.34904013961605584 -0.34904013961605584 0.418848167539267 1.1867364746945899 1
-0.34904013961605584 0.34904013961605584 -0.418848167539267 -1.1867364746945899 -1
0.6512890094979646 -0.6512890094979646 0.7869742198100407 1.6010854816824966 1
-0.6512890094979646 0.6512890094979646 -0.7869742198100407 -1.6010854816824966 -1
0.9128630705394191 -0.9128630705394191 0.7883817427385892 6.556016597510373 1
-0.9128630705394191 0.9128630705394191 -0.7883817427385892 -6.556016597510373 -1
1.2195121951219512 -1.2195121951219512 0.6829268292682927 1.5609756097560976 1
-1.2195121951219512 1.2195121951219512 -0.6829268292682927 -1.5609756097560976 -1
0.029211295034079845 -0.029211295034079845 0.2921129503407984 0.3505355404089581 1
-0.029211295034079845 0.029211295034079845 -0.2921129503407984 -0.3505355404089581 -1
-0.16981132075471697 0.16981132075471697 -0.25471698113207547 2.1792452830188678 1
0.16981132075471697 -0.16981132075471697 0.25471698113207547 -2.1792452830188678 -1
0.316622691292876 -0.316622691292876 1.108179419525066 2.4379947229551453 1
-0.316622691292876 0.316622691292876 -1.108179419525066 -2.4379947229551453 -1
1.4930015552099534 -1.3996889580093312 1.5863141524105755 3.7325038880248833 1
-1.4930015552099534 1.3996889580093312 -1.5863141524105755 -3.7325038880248833 -1
0.5374077976817703 -0.5374077976817703 0.916754478398314 -0.34773445732349845 1
-0.5374077976817703 0.5374077976817703 -0.916754478398314 0.34773445732349845 -1
0.592020592020592 -0.6177606177606177 1.6473616473616473 0.3088803088803089 1
-0.592020592020592 0.6177606177606177 -1.6473616473616473 -0.3088803088803089 -1
0.6658878504672897 -0.5957943925233644 1.1214953271028036 1.8925233644859811 1
-0.6658878504672897 0.5957943925233644 -1.1214953271028036 -1.8925233644859811 -1
0.4241645244215938 -0.3856041131105398 1.2724935732647815 0.34704370179948585 1
-0.4241645244215938 0.3856041131105398 -1.2724935732647815 -0.34704370179948585 -1
0.026350461133069828 -0.026350461133069828 0.26350461133069825 -2.1870882740447954 1
-0.026350461133069828 0.026350461133069828 -0.26350461133069825 2.1870882740447954 -1
1.1913357400722022 -1.2274368231046933 1.7689530685920578 5.5234657039711195 1
-1.1913357400722022 1.2274368231046933 -1.7689530685920578 -5.5234657039711195 -1
0.7279029462738301 -0.7538994800693241 0.44194107452339687 -0.36395147313691506 1
-0.7279029462738301 0.7538994800693241 -0.44194107452339687 0.36395147313691506 -1
0.24068767908309457 -0.27507163323782235 -0.8939828080229226 3.232091690544413 1
-0.24068767908309457 0.27507163323782235 0.8939828080229226 -3.232091690544413 -1
0.08148483476686283 -0.08148483476686283 -0.27161611588954276 0.5432322317790855 1
-0.08148483476686283 0.08148483476686283 0.27161611588954276 -0.5432322317790855 -1
0.5175202156334232 -0.5175202156334232 1.7466307277628033 -0.7762803234501348 1
-0.5175202156334232 0.5175202156334232 -1.7466307277628033 0.7762803234501348 -1
0.9278350515463918 -0.8836524300441826 1.2371134020618557 1.6347569955817378 1
-0.9278350515463918 0.8836524300441826 -1.2371134020618557 -1.6347569955817378 -1
-0.06933744221879816 0.06933744221879816 -0.34668721109399075 0.9244992295839753 1
0.06933744221879816 -0.06933744221879816 0.34668721109399075 -0.9244992295839753 -1
0.13440860215053763 -0.13440860215053763 0.48387096774193544 0.16129032258064516 1
-0.13440860215053763 0.13440860215053763 -0.48387096774193544 -0.16129032258064516 -1
0.3459637561779242 -0.3459637561779242 0.09884678747940691 8.401976935749587 1
-0.3459637561779242 0.3459637561779242 -0.09884678747940691 -8.401976935749587 -1
0.4881101376720901 -0.4881101376720901 0.15018773466833543 0.7509386733416771 1
-0.4881101376720901 0.4881101376720901 -0.15018773466833543 -0.7509386733416771 -1
0.5816326530612246 -0.5816326530612246 0.7653061224489797 -0.5510204081632654 1
-0.5816326530612246 0.5816326530612246 -0.7653061224489797 0.5510204081632654 -1
0.2546419098143236 -0.2546419098143236 0.7320954907161803 0.3183023872679045 1
-0.2546419098143236 0.2546419098143236 -0.7320954907161803 -0.3183023872679045 -1
0.44750430292598964 -0.44750430292598964 0.6196213425129088 0.1721170395869191 1
-0.44750430292598964 0.44750430292598964 -0.6196213425129088 -0.1721170395869191 -1
0.882943143812709 -0.882943143812709 0.6020066889632106 3.0903010033444813 1
-0.882943143812709 0.882943143812709 -0.6020066889632106 -3.0903010033444813 -1
-0.10537407797681769 0.10537407797681769 -0.2950474183350896 1.3909378292939936 1
0.10537407797681769 -0.10537407797681769 0.2950474183350896 -1.3909378292939936 -1
0.24907749077490776 -0.24907749077490776 0.470479704797048 0.22140221402214022 1
-0.24907749077490776 0.24907749077490776 -0.470479704797048 -0.22140221402214022 -1
0.5051112447384246 -0.5411906193625977 1.190619362597715 -2.525556223692123 1
-0.5051112447384246 0.5411906193625977 -1.190619362597715 2.525556223692123 -1
0.3602058319039451 -0.3602058319039451 0.5403087478559176 0.9519725557461406 1
-0.3602058319039451 0.3602058319039451 -0.5403087478559176 -0.9519725557461406 -1
-0.29268292682926833 0.29268292682926833 0.0 -2.048780487804878 1
0.29268292682926833 -0.29268292682926833 -0.0 2.048780487804878 -1
0.6684141546526867 -0.6684141546526867 0.9436435124508519 0.11795543905635648 1
-0.6684141546526867 0.6684141546526867 -0.9436435124508519 -0.11795543905635648 -1
-0.09031610637230306 0.09031610637230306 -0.5117912694430506 1.6557952834922227 1
0.09031610637230306 -0.09031610637230306 0.5117912694430506 -1.6557952834922227 -1
0.8785845027455765 -0.8785845027455765 0.9884075655887736 -1.2812690665039659 1
-0.8785845027455765 0.8785845027455765 -0.9884075655887736 1.2812690665039659 -1
0.8349900596421471 -0.874751491053678 1.2326043737574552 -0.437375745526839 1
-0.8349900596421471 0.874751491053678 -1.2326043737574552 0.437375745526839 -1
0.5427631578947368 -0.5427631578947368 0.5921052631578948 2.3190789473684212 1
-0.5427631578947368 0.5427631578947368 -0.5921052631578948 -2.3190789473684212 -1
0.8737864077669903 -0.8737864077669903 1.2742718446601942 1.529126213592233 1
-0.8737864077669903 0.8737864077669903 -1.2742718446601942 -1.529126213592233 -1
0.3643724696356276 -0.3643724696356276 -0.03036437246963563 1.396761133603239 1
-0.3643724696356276 0.3643724696356276 0.03036437246963563 -1.396761133603239 -1
1.0784313725490198 -1.0294117647058825 0.8333333333333334 10.833333333333334 1
-1.0784313725490198 1.0294117647058825 -0.8333333333333334 -10.833333333333334 -1
0.8305866842452208 -0.8305866842452208 0.9096901779828609 1.7798286090969018 1
-0.8305866842452208 0.8305866842452208 -0.9096901779828609 -1.7798286090969018 -1
0.87361677344205 -0.9784507862550961 1.2580081537565522 0.9085614443797321 1
-0.87361677344205 0.9784507862550961 -1.2580081537565522 -0.9085614443797321 -1
0.347970173985087 -0.3728251864125932 0.9444904722452361 -0.7953603976801988 1
-0.347970173985087 0.3728251864125932 -0.9444904722452361 0.7953603976801988 -1
0.9523809523809523 -0.9523809523809523 1.2087912087912087 -1.575091575091575 1
-0.9523809523809523 0.9523809523809523 -1.2087912087912087 1.575091575091575 -1
0.9544008483563097 -0.9544008483563097 1.6861081654294803 1.6861081654294803 1
-0.9544008483563097 0.9544008483563097 -1.6861081654294803 -1.6861081654294803 -1
0.8785529715762274 -0.8785529715762274 0.9302325581395349 -2.739018087855297 1
-0.8785529715762274 0.8785529715762274 -0.9302325581395349 2.739018087855297 -1
1.1057692307692308 -1.0576923076923077 0.4807692307692307 5.576923076923077 1
-1.1057692307692308 1.0576923076923077 -0.4807692307692307 -5.576923076923077 -1
-0.06864988558352403 0.06864988558352403 0.06864988558352403 -0.37757437070938216 1
0.06864988558352403 -0.06864988558352403 -0.06864988558352403 0.37757437070938216 -1
0.24601366742596809 -0.24601366742596809 0.4373576309794988 -3.1708428246013667 1
-0.24601366742596809 0.24601366742596809 -0.4373576309794988 3.1708428246013667 -1
0.8343868520859671 -0.8343868520859671 2.199747155499368 4.361567635903919 1
-0.8343868520859671 0.8343868520859671 -2.199747155499368 -4.361567635903919 -1
0.3304484657749803 -0.3304484657749803 0.8969315499606609 -4.343036978756884 1
-0.3304484657749803 0.3304484657749803 -0.8969315499606609 4.343036978756884 -1
0.8638743455497383 -0.8638743455497383 0.6282722513089005 4.5942408376963355 1
-0.8638743455497383 0.8638743455497383 -0.6282722513089005 -4.5942408376963355 -1
0.27777777777777773 -0.27777777777777773 -0.37037037037037035 2.4537037037037037 1
-0.27777777777777773 0.27777777777777773 0.37037037037037035 -2.4537037037037037 -1
0.6744868035190615 -0.7331378299120235 1.2023460410557185 -0.14662756598240467 1
-0.6744868035190615 0.7331378299120235 -1.2023460410557185 0.14662756598240467 -1
0.1930812550281577 -0.1930812550281577 0.5792437650844731 1.8825422365245377 1
-0.1930812550281577 0.1930812550281577 -0.5792437650844731 -1.8825422365245377 -1
0.6490384615384616 -0.6490384615384616 1.0456730769230769 1.1538461538461537 1
-0.6490384615384616 0.6490384615384616 -1.0456730769230769 -1.1538461538461537 -1
0.29041626331074544 -0.29041626331074544 0.31945788964182 1.393998063891578 1
-0.29041626331074544 0.29041626331074544 -0.31945788964182 -1.393998063891578 -1
1.0358056265984654 -1.0358056265984654 1.3427109974424551 -2.5703324808184145 1
-1.0358056265984654 1.0358056265984654 -1.3427109974424551 2.5703324808184145 -1
-0.4504504504504505 0.4504504504504505 -0.6906906906906908 -0.1801801801801802 1
0.4504504504504505 -0.4504504504504505 0.6906906906906908 0.1801801801801802 -1
0.7720588235294118 -0.7720588235294118 1.286764705882353 7.830882352941177 1
-0.7720588235294118 0.7720588235294118 -1.286764705882353 -7.830882352941177 -1
0.5337078651685393 -0.5337078651685393 0.6741573033707865 1.3764044943820224 1
-0.5337078651685393 0.5337078651685393 -0.6741573033707865 -1.3764044943820224 -1
1.1942098914354644 -1.2303980699638117 0.9408926417370326 0.5066344993968637 1
-1.1942098914354644 1.2303980699638117 -0.9408926417370326 -0.5066344993968637 -1
0.6874602164226608 -0.6874602164226608 0.4201145767027371 1.5276893698281349 1
-0.6874602164226608 0.6874602164226608 -0.4201145767027371 -1.5276893698281349 -1
-0.2888781896966779 0.2888781896966779 -0.2599903707270101 3.986519017814155 1
0.2888781896966779 -0.2888781896966779 0.2599903707270101 -3.986519017814155 -1
0.9570041608876559 -0.9570041608876559 1.2066574202496532 4.993065187239944 1
-0.9570041608876559 0.9570041608876559 -1.2066574202496532 -4.993065187239944 -1
0.5102763997165132 -0.4677533664068037 0.8504606661941886 1.3607370659107016 1
-0.5102763997165132 0.4677533664068037 -0.8504606661941886 -1.3607370659107016 -1
0.5489773950484392 -0.5489773950484392 0.16146393972012918 2.71259418729817 1
-0.5489773950484392 0.5489773950484392 -0.16146393972012918 -2.71259418729817 -1
0.0 0.0 0.09132420091324202 -0.5022831050228311 1
-0.0 -0.0 -0.09132420091324202 0.5022831050228311 -1
0.8206686930091185 -0.8206686930091185 0.7750759878419453 3.6474164133738602 1
-0.8206686930091185 0.8206686930091185 -0.7750759878419453 -3.6474164133738602 -1
1.3705583756345179 -1.3705583756345179 2.1319796954314723 3.50253807106599 1
-1.3705583756345179 1.3705583756345179 -2.1319796954314723 -3.50253807106599 -1
0.41935483870967744 -0.41935483870967744 0.5483870967741935 1.096774193548387 1
-0.41935483870967744 0.41935483870967744 -0.5483870967741935 -1.096774193548387 -1
0.2677376171352075 -0.2677376171352075 -0.18741633199464525 2.6506024096385543 1
-0.2677376171352075 0.2677376171352075 0.18741633199464525 -2.6506024096385543 -1
0.5737292400603925 -0.5737292400603925 1.2380473074987417 1.6909914443885254 1
-0.5737292400603925 0.5737292400603925 -1.2380473074987417 -1.6909914443885254 -1
0.467966573816156 -0.467966573816156 0.4011142061281337 2.2729805013927575 1
-0.467966573816156 0.467966573816156 -0.4011142061281337 -2.2729805013927575 -1
0.06220839813374806 -0.06220839813374806 0.2177293934681182 -0.2177293934681182 1
-0.06220839813374806 0.06220839813374806 -0.2177293934681182 0.2177293934681182 -1
0.6636624334289226 -0.6390823433019255 0.8357230643179026 -5.825481360098321 1
-0.6636624334289226 0.6390823433019255 -0.8357230643179026 5.825481360098321 -1
0.5828220858895705 -0.5828220858895705 0.6134969325153374 0.3987730061349693 1
-0.5828220858895705 0.5828220858895705 -0.6134969325153374 -0.3987730061349693 -1
0.5061648280337443 -0.5061648280337443 1.09020116807268 2.764438676184296 1
-0.5061648280337443 0.5061648280337443 -1.09020116807268 -2.764438676184296 -1
0.7692307692307693 -0.7692307692307693 1.6452991452991454 -3.717948717948718 1
-0.7692307692307693 0.7692307692307693 -1.6452991452991454 3.717948717948718 -1
0.6158357771260997 -0.6158357771260997 0.49853372434017595 -1.6422287390029324 1
-0.6158357771260997 0.6158357771260997 -0.49853372434017595 1.6422287390029324 -1
0.7155635062611807 -0.7155635062611807 1.10912343470483 -0.14311270125223613 1
-0.7155635062611807 0.7155635062611807 -1.10912343470483 0.14311270125223613 -1
0.5379746835443038 -0.5379746835443038 0.4113924050632911 3.2278481012658227 1
-0.5379746835443038 0.5379746835443038 -0.4113924050632911 -3.2278481012658227 -1
-0.047430830039525695 0.023715415019762848 0.21343873517786563 -1.3754940711462451 1
0.047430830039525695 -0.023715415019762848 -0.21343873517786563 1.3754940711462451 -1
-0.05321507760532151 0.07982261640798226 -0.42572062084257206 -0.7716186252771619 1
0.05321507760532151 -0.07982261640798226 0.42572062084257206 0.7716186252771619 -1
0.15498154981549817 -0.15498154981549817 0.3763837638376384 -0.2656826568265683 1
-0.15498154981549817 0.15498154981549817 -0.3763837638376384 0.2656826568265683 -1
0.10983981693363845 -0.10983981693363845 1.0434782608695652 -0.5766590389016019 1
-0.10983981693363845 0.10983981693363845 -1.0434782608695652 0.5766590389016019 -1
0.28846153846153844 -0.28846153846153844 0.5769230769230769 5.480769230769231 1
-0.28846153846153844 0.28846153846153844 -0.5769230769230769 -5.480769230769231 -1
0.505795574288725 -0.6322444678609063 0.5690200210748156 3.793466807165437 1
-0.505795574288725 0.6322444678609063 -0.5690200210748156 -3.793466807165437 -1
0.23047375160051217 -0.20486555697823305 0.6145966709346992 -3.098591549295775 1
-0.23047375160051217 0.20486555697823305 -0.6145966709346992 3.098591549295775 -1
1.6402877697841727 -1.6402877697841727 2.028776978417266 6.474820143884892 1
-1.6402877697841727 1.6402877697841727 -2.028776978417266 -6.474820143884892 -1
1.1634349030470914 -1.2049861495844876 1.0803324099722993 1.1634349030470914 1
-1.1634349030470914 1.2049861495844876 -1.0803324099722993 -1.1634349030470914 -1
0.2812939521800282 -0.2812939521800282 0.30942334739803096 -2.6160337552742616 1
-0.2812939521800282 0.2812939521800282 -0.30942334739803096 2.6160337552742616 -1
-0.20913210177762284 0.20913210177762284 0.146392471244336 -1.6312303938654582 1
0.20913210177762284 -0.20913210177762284 -0.146392471244336 1.6312303938654582 -1
0.4920721705850191 -0.4920721705850191 0.6560962274466922 0.4920721705850191 1
-0.4920721705850191 0.4920721705850191 -0.6560962274466922 -0.4920721705850191 -1
0.9538228614685844 -0.9538228614685844 0.9084027252081757 6.676760030280091 1
-0.9538228614685844 0.9538228614685844 -0.9084027252081757 -6.676760030280091 -1
0.9708737864077669 -0.9708737864077669 1.3592233009708736 4.951456310679611 1
-0.9708737864077669 0.9708737864077669 -1.3592233009708736 -4.951456310679611 -1
0.5113636363636364 -0.5113636363636364 0.8522727272727273 -0.9886363636363636 1
-0.5113636363636364 0.5113636363636364 -0.8522727272727273 0.9886363636363636 -1
0.23376623376623376 -0.23376623376623376 -0.18181818181818182 -2.727272727272727 1
-0.23376623376623376 0.23376623376623376 0.18181818181818182 2.727272727272727 -1
0.6890894175553732 -0.6398687448728466 0.4922067268252666 7.727645611156686 1
-0.6890894175553732 0.6398687448728466 -0.4922067268252666 -7.727645611156686 -1
0.45064377682403434 -0.45064377682403434 0.7081545064377682 2.3175965665236054 1
-0.45064377682403434 0.45064377682403434 -0.7081545064377682 -2.3175965665236054 -1
0.2099737532808399 -0.2099737532808399 0.3412073490813648 1.1548556430446193 1
-0.2099737532808399 0.2099737532808399 -0.3412073490813648 -1.1548556430446193 -1
0.9218950064020487 -0.9218950064020487 0.6914212548015365 -1.0499359795134444 1
-0.9218950064020487 0.9218950064020487 -0.6914212548015365 1.0499359795134444 -1
0.6194690265486725 -0.6194690265486725 0.7522123893805309 3.9380530973451324 1
-0.6194690265486725 0.6194690265486725 -0.7522123893805309 -3.9380530973451324 -1
0.3135048231511254 -0.3135048231511254 0.5546623794212219 -0.45819935691318325 1
-0.3135048231511254 0.3135048231511254 -0.5546623794212219 0.45819935691318325 -1
0.12432656444260257 -0.09946125155408204 0.17405719021964358 -2.8346456692913384 1
-0.12432656444260257 0.09946125155408204 -0.17405719021964358 2.8346456692913384 -1
0.5849153412006157 -0.5849153412006157 1.07747562852745 0.12314007183170857 1
-0.5849153412006157 0.5849153412006157 -1.07747562852745 -0.12314007183170857 -1
0.26800670016750416 -0.26800670016750416 0.10050251256281406 0.6030150753768844 1
-0.26800670016750416 0.26800670016750416 -0.10050251256281406 -0.6030150753768844 -1
0.31976744186046513 -0.31976744186046513 1.1627906976744187 -0.49418604651162795 1
-0.31976744186046513 0.31976744186046513 -1.1627906976744187 0.49418604651162795 -1
0.3463758819756254 -0.3848620910840282 -0.5003207184092366 1.1545862732520846 1
-0.3463758819756254 0.3848620910840282 0.5003207184092366 -1.1545862732520846 -1
0.2100656455142232 -0.2100656455142232 0.0262582056892779 0.8140043763676148 1
-0.2100656455142232 0.2100656455142232 -0.0262582056892779 -0.8140043763676148 -1
0.4426229508196722 -0.4426229508196722 0.4426229508196722 0.49180327868852464 1
-0.4426229508196722 0.4426229508196722 -0.4426229508196722 -0.49180327868852464 -1
0.5709754163362412 -0.5709754163362412 0.9992069785884219 0.8564631245043617 1
-0.5709754163362412 0.5709754163362412 -0.9992069785884219 -0.8564631245043617 -1
0.0 0.0 -0.06451612903225806 2.193548387096774 1
-0.0 -0.0 0.06451612903225806 -2.193548387096774 -1
0.8339429407461594 -0.8339429407461594 0.9656181419166057 3.467446964155084 1
-0.8339429407461594 0.8339429407461594 -0.9656181419166057 -3.467446964155084 -1
0.07926023778071334 -0.07926023778071334 -0.5812417437252312 1.2153236459709378 1
-0.07926023778071334 0.07926023778071334 0.5812417437252312 -1.2153236459709378 -1
0.549513451631368 -0.549513451631368 0.6868918145392101 1.2020606754436176 1
-0.549513451631368 0.549513451631368 -0.6868918145392101 -1.2020606754436176 -1
0.6662553979025293 -0.6662553979025293 0.8513263417643431 2.3318938926588526 1
-0.6662553979025293 0.6662553979025293 -0.8513263417643431 -2.3318938926588526 -1
0.3310696095076401 -0.3310696095076401 1.1969439728353142 1.935483870967742 1
-0.3310696095076401 0.3310696095076401 -1.1969439728353142 -1.935483870967742 -1
0.18134715025906736 -0.18134715025906736 0.44041450777202074 2.0207253886010363 1
-0.18134715025906736 0.18134715025906736 -0.44041450777202074 -2.0207253886010363 -1
0.47262701851122485 -0.47262701851122485 0.8507286333202048 -0.04726270185112248 1
-0.47262701851122485 0.47262701851122485 -0.8507286333202048 0.04726270185112248 -1
0.3125 -0.3125 0.3125 3.4375 1
-0.3125 0.3125 -0.3125 -3.4375 -1
0.20710059171597636 -0.20710059171597636 0.4142011834319527 3.7573964497041423 1
-0.20710059171597636 0.20710059171597636 -0.4142011834319527 -3.7573964497041423 -1
1.3711151736745886 -1.3711151736745886 1.6453382084095063 8.007312614259597 1
-1.3711151736745886 1.3711151736745886 -1.6453382084095063 -8.007312614259597 -1
0.11271133375078271 -0.07514088916718847 1.3149655604257984 0.33813400125234816 1
-0.11271133375078271 0.07514088916718847 -1.3149655604257984 -0.33813400125234816 -1
0.25347012673506336 -0.21726010863005432 -0.10863005431502716 -3.3675316837658418 1
-0.25347012673506336 0.21726010863005432 0.10863005431502716 3.3675316837658418 -1
0.3134068485200232 -0.3134068485200232 -0.17411491584445735 3.8653511317469533 1
-0.3134068485200232 0.3134068485200232 0.17411491584445735 -3.8653511317469533 -1
0.4768583450210379 -0.4768583450210379 1.0659186535764376 1.262272089761571 1
-0.4768583450210379 0.4768583450210379 -1.0659186535764376 -1.262272089761571 -1
0.1784955376115597 -0.1784955376115597 0.4844878878028049 -1.274968125796855 1
-0.1784955376115597 0.1784955376115597 -0.4844878878028049 1.274968125796855 -1
0.30985915492957744 -0.30985915492957744 -0.647887323943662 -2.535211267605634 1
-0.30985915492957744 0.30985915492957744 0.647887323943662 2.535211267605634 -1
1.228851291184328 -1.228851291184328 1.282279608192342 6.518254674977738 1
-1.228851291184328 1.228851291184328 -1.282279608192342 -6.518254674977738 -1
0.20721412125863395 -0.18419033000767462 0.4144282425172679 -1.4274750575594783 1
-0.20721412125863395 0.18419033000767462 -0.4144282425172679 1.4274750575594783 -1
0.30320044918585065 -0.37057832678270636 -0.16844469399213924 4.952274003368894 1
-0.30320044918585065 0.37057832678270636 0.16844469399213924 -4.952274003368894 -1
0.5170185264971995 -0.5170185264971995 0.36191296854803967 2.7401981904351573 1
-0.5170185264971995 0.5170185264971995 -0.36191296854803967 -2.7401981904351573 -1
-0.30117122141662017 0.30117122141662017 0.4350250976017847 -2.543223647518126 1
0.30117122141662017 -0.30117122141662017 -0.4350250976017847 2.543223647518126 -1
0.4382227632379793 -0.40170419963481435 0.8034083992696287 6.098600121728546 1
-0.4382227632379793 0.40170419963481435 -0.8034083992696287 -6.098600121728546 -1
0.5893186003683242 -0.5893186003683242 0.40515653775322286 3.8674033149171274 1
-0.5893186003683242 0.5893186003683242 -0.40515653775322286 -3.8674033149171274 -1
0.22435897435897437 -0.22435897435897437 -0.06410256410256411 1.0897435897435899 1
-0.22435897435897437 0.22435897435897437 0.06410256410256411 -1.0897435897435899 -1
0.6217616580310882 -0.6528497409326426 0.9326424870466322 1.8031088082901556 1
-0.6217616580310882 0.6528497409326426 -0.9326424870466322 -1.8031088082901556 -1
0.5769230769230769 -0.5769230769230769 0.5769230769230769 2.8846153846153846 1
-0.5769230769230769 0.5769230769230769 -0.5769230769230769 -2.8846153846153846 -1
0.6 -0.6 0.6 5.3999999999999995 1
-0.6 0.6 -0.6 -5.3999999999999995 -1
0.4446797247220752 -0.41291688724192693 1.3340391741662254 -2.096347273689783 1
-0.4446797247220752 0.41291688724192693 -1.3340391741662254 2.096347273689783 -1
-0.3008595988538682 0.3008595988538682 -0.5157593123209169 0.17191977077363899 1
0.3008595988538682 -0.3008595988538682 0.5157593123209169 -0.17191977077363899 -1
1.4080242240726724 -1.4080242240726724 1.044663133989402 2.9977289931869797 1
-1.4080242240726724 1.4080242240726724 -1.044663133989402 -2.9977289931869797 -1
0.031479538300104935 -0.031479538300104935 -0.22035676810073454 3.336831059811123 1
-0.031479538300104935 0.031479538300104935 0.22035676810073454 -3.336831059811123 -1
1.312803889789303 -1.2641815235008105 2.0421393841166937 6.904376012965964 1
-1.312803889789303 1.2641815235008105 -2.0421393841166937 -6.904376012965964 -1
0.643588493417845 -0.6728425158459289 0.3803022915650902 1.725987323256948 1
-0.643588493417845 0.6728425158459289 -0.3803022915650902 -1.725987323256948 -1
0.16282225237449116 -0.16282225237449116 0.6512890094979646 -2.4423337856173677 1
-0.16282225237449116 0.16282225237449116 -0.6512890094979646 2.4423337856173677 -1
0.42857142857142855 -0.42857142857142855 1.1714285714285715 -4.0 1
-0.42857142857142855 0.42857142857142855 -1.1714285714285715 4.0 -1
0.4164442071542979 -0.4164442071542979 0.7367859049652964 -1.3454351308061934 1
-0.4164442071542979 0.4164442071542979 -0.7367859049652964 1.3454351308061934 -1
0.551543007222587 -0.5121470781352594 0.07879185817465528 2.954694681549573 1
-0.551543007222587 0.5121470781352594 -0.07879185817465528 -2.954694681549573 -1
0.4863925883034163 -0.4863925883034163 0.17371163867979153 -2.8836132020845393 1
-0.4863925883034163 0.4863925883034163 -0.17371163867979153 2.8836132020845393 -1
0.24500907441016334 -0.2177858439201452 0.73502722323049 -0.9528130671506352 1
-0.24500907441016334 0.2177858439201452 -0.73502722323049 0.9528130671506352 -1
0.3548546081813701 -0.3548546081813701 -0.14785608674223755 0.38442582552981763 1
-0.3548546081813701 0.3548546081813701 0.14785608674223755 -0.38442582552981763 -1
0.6414825374198146 -0.6414825374198146 0.6414825374198146 4.9607982893799 1
-0.6414825374198146 0.6414825374198146 -0.6414825374198146 -4.9607982893799 -1
0.7479674796747967 -0.7479674796747967 1.2357723577235773 2.6991869918699187 1
-0.7479674796747967 0.7479674796747967 -1.2357723577235773 -2.6991869918699187 -1
1.1606391925988226 -1.1606391925988226 1.1606391925988226 6.408746846089151 1
-1.1606391925988226 1.1606391925988226 -1.1606391925988226 -6.408746846089151 -1
0.3072983354673496 -0.2560819462227913 0.0768245838668374 3.8156209987195906 1
-0.3072983354673496 0.2560819462227913 -0.0768245838668374 -3.8156209987195906 -1
0.5420054200542006 -0.5420054200542006 0.5420054200542006 1.7886178861788617 1
-0.5420054200542006 0.5420054200542006 -0.5420054200542006 -1.7886178861788617 -1
0.6762295081967213 -0.6762295081967213 0.24590163934426232 1.4139344262295084 1
-0.6762295081967213 0.6762295081967213 -0.24590163934426232 -1.4139344262295084 -1
-0.1294777729823047 0.1294777729823047 -0.41432887354337505 -0.3107466551575313 1
0.1294777729823047 -0.1294777729823047 0.41432887354337505 0.3107466551575313 -1
0.48154093097913325 -0.5056179775280899 0.21669341894060995 -0.5778491171749599 1
-0.48154093097913325 0.5056179775280899 -0.21669341894060995 0.5778491171749599 -1
0.44687189672293937 -0.4170804369414101 0.714995034756703 2.3237338629592847 1
-0.44687189672293937 0.4170804369414101 -0.714995034756703 -2.3237338629592847 -1
0.6632653061224489 -0.6632653061224489 0.5612244897959183 4.744897959183673 1
-0.6632653061224489 0.6632653061224489 -0.5612244897959183 -4.744897959183673 -1
0.7296849087893864 -0.7960199004975125 0.6965174129353234 5.339966832504146 1
-0.7296849087893864 0.7960199004975125 -0.6965174129353234 -5.339966832504146 -1
0.45028142589118203 -0.45028142589118203 0.45028142589118203 3.527204502814259 1
-0.45028142589118203 0.45028142589118203 -0.45028142589118203 -3.527204502814259 -1
0.5105105105105106 -0.5405405405405406 0.9909909909909911 1.0810810810810811 1
-0.5105105105105106 0.5405405405405406 -0.9909909909909911 -1.0810810810810811 -1
0.3675344563552833 -0.3675344563552833 0.3675344563552833 1.990811638591118 1
-0.3675344563552833 0.3675344563552833 -0.3675344563552833 -1.990811638591118 -1
0.7650273224043717 -0.7650273224043717 0.4371584699453552 -1.5664845173041895 1
-0.7650273224043717 0.7650273224043717 -0.4371584699453552 1.5664845173041895 -1
0.48801369863013705 -0.4623287671232877 0.38527397260273977 -0.4366438356164384 1
-0.48801369863013705 0.4623287671232877 -0.38527397260273977 0.4366438356164384 -1
0.851063829787234 -0.851063829787234 1.4184397163120568 2.4113475177304964 1
-0.851063829787234 0.851063829787234 -1.4184397163120568 -2.4113475177304964 -1
1.861861861861862 -1.9219219219219221 1.5615615615615617 8.528528528528529 1
-1.861861861861862 1.9219219219219221 -1.5615615615615617 -8.528528528528529 -1
0.5893909626719057 -0.5599214145383105 0.32416502946954817 -1.2671905697445973 1
-0.5893909626719057 0.5599214145383105 -0.32416502946954817 1.2671905697445973 -1
0.4201312910284464 -0.4201312910284464 0.3676148796498906 -1.1028446389496718 1
-0.4201312910284464 0.4201312910284464 -0.3676148796498906 1.1028446389496718 -1
0.8823529411764706 -0.8823529411764706 0.29411764705882354 8.23529411764706 1
-0.8823529411764706 0.8823529411764706 -0.29411764705882354 -8.23529411764706 -1
0.35976015989340443 -0.35976015989340443 0.0 3.037974683544304 1
-0.35976015989340443 0.35976015989340443 -0.0 -3.037974683544304 -1
0.8033826638477801 -0.7610993657505286 1.226215644820296 4.52431289640592 1
-0.8033826638477801 0.7610993657505286 -1.226215644820296 -4.52431289640592 -1
0.5176470588235295 -0.49411764705882355 0.8705882352941177 4.635294117647059 1
-0.5176470588235295 0.49411764705882355 -0.8705882352941177 -4.635294117647059 -1
0.5803331542181623 -0.6125738850080602 0.29016657710908117 2.0311660397635682 1
-0.5803331542181623 0.6125738850080602 -0.29016657710908117 -2.0311660397635682 -1
0.7340631036703156 -0.7340631036703156 1.5840309079201547 6.9156471345782355 1
-0.7340631036703156 0.7340631036703156 -1.5840309079201547 -6.9156471345782355 -1
1.2067881835323697 -1.2067881835323697 1.4330609679446888 3.1678189817724705 1
-1.2067881835323697 1.2067881835323697 -1.4330609679446888 -3.1678189817724705 -1
0.08306414397784956 -0.08306414397784956 0.35994462390401477 -3.987078910936779 1
-0.08306414397784956 0.08306414397784956 -0.35994462390401477 3.987078910936779 -1
1.254180602006689 -1.254180602006689 0.9531772575250836 6.722408026755852 1
-1.254180602006689 1.254180602006689 -0.9531772575250836 -6.722408026755852 -1
-0.146484375 0.146484375 0.29296875 2.109375 1
0.146484375 -0.146484375 -0.29296875 -2.109375 -1
0.6375442739079102 -0.6729634002361274 1.3459268004722549 3.3648170011806373 1
-0.6375442739079102 0.6729634002361274 -1.3459268004722549 -3.3648170011806373 -1
-0.08132836326668927 0.08132836326668927 -0.16265672653337854 0.8539478143002373 1
0.08132836326668927 -0.08132836326668927 0.16265672653337854 -0.8539478143002373 -1
0.8837970540098199 -0.9165302782324058 1.1456628477905073 1.6039279869067102 1
-0.8837970540098199 0.9165302782324058 -1.1456628477905073 -1.6039279869067102 -1
0.22263450834879409 -0.19480519480519481 -0.16697588126159557 -0.19480519480519481 1
-0.22263450834879409 0.19480519480519481 0.16697588126159557 0.19480519480519481 -1
0.5727923627684964 -0.5727923627684964 0.8591885441527447 0.0954653937947494 1
-0.5727923627684964 0.5727923627684964 -0.8591885441527447 -0.0954653937947494 -1
0.3957131079967024 -0.3957131079967024 0.5935696619950537 1.0882110469909316 1
-0.3957131079967024 0.3957131079967024 -0.5935696619950537 -1.0882110469909316 -1
0.6224066390041494 -0.6639004149377593 0.12448132780082986 1.4937759336099585 1
-0.6224066390041494 0.6639004149377593 -0.12448132780082986 -1.4937759336099585 -1
-0.13801035077630822 0.13801035077630822 -0.27602070155261643 -0.034502587694077054 1
0.13801035077630822 -0.13801035077630822 0.27602070155261643 0.034502587694077054 -1
0.29453015427769985 -0.29453015427769985 0.10518934081346425 2.061711079943899 1
-0.29453015427769985 0.29453015427769985 -0.10518934081346425 -2.061711079943899 -1
0.4818138875767596 -0.4818138875767596 0.5101558809636279 -2.0689655172413794 1
-0.4818138875767596 0.4818138875767596 -0.5101558809636279 2.0689655172413794 -1
0.9028213166144201 -0.9404388714733543 0.41379310344827586 1.35423197492163 1
-0.9028213166144201 0.9404388714733543 -0.41379310344827586 -1.35423197492163 -1
0.16605166051660517 -0.16605166051660517 0.7749077490774908 -1.2730627306273063 1
-0.16605166051660517 0.16605166051660517 -0.7749077490774908 1.2730627306273063 -1
0.10727056019070322 -0.10727056019070322 -0.3575685339690107 7.187127532777116 1
-0.10727056019070322 0.10727056019070322 0.3575685339690107 -7.187127532777116 -1
1.2106537530266344 -1.2106537530266344 0.5326876513317191 6.828087167070218 1
-1.2106537530266344 1.2106537530266344 -0.5326876513317191 -6.828087167070218 -1
-0.026954177897574122 0.053908355795148244 -0.053908355795148244 0.8086253369272237 1
0.026954177897574122 -0.053908355795148244 0.053908355795148244 -0.8086253369272237 -1
0.3540772532188841 -0.3540772532188841 0.7725321888412017 3.7660944206008584 1
-0.3540772532188841 0.3540772532188841 -0.7725321888412017 -3.7660944206008584 -1
0.8134280180761781 -0.8521626856036152 0.697224015493867 1.4719173660426081 1
-0.8134280180761781 0.8521626856036152 -0.697224015493867 -1.4719173660426081 -1
-0.5827418752334703 0.5827418752334703 -0.6499813223757938 4.011953679491969 1
0.5827418752334703 -0.5827418752334703 0.6499813223757938 -4.011953679491969 -1
0.6239168110918544 -0.6447140381282496 0.24956672443674174 -4.3466204506065855 1
-0.6239168110918544 0.6447140381282496 -0.24956672443674174 4.3466204506065855 -1
1.1528384279475983 -1.1528384279475983 1.0480349344978166 5.868995633187773 1
-1.1528384279475983 1.1528384279475983 -1.0480349344978166 -5.868995633187773 -1
1.1476664116296862 -1.1476664116296862 0.918133129303749 -0.9640397857689365 1
-1.1476664116296862 1.1476664116296862 -0.918133129303749 0.9640397857689365 -1
1.2913907284768211 -1.3410596026490067 1.0927152317880795 7.6490066225165565 1
-1.2913907284768211 1.3410596026490067 -1.0927152317880795 -7.6490066225165565 -1
0.5463310123192286 -0.5463310123192286 0.2570969469737547 1.0926620246384573 1
-0.5463310123192286 0.5463310123192286 -0.2570969469737547 -1.0926620246384573 -1
1.2964213369345037 -1.2964213369345037 0.9318028359216746 -0.6076975016880486 1
-1.2964213369345037 1.2964213369345037 -0.9318028359216746 0.6076975016880486 -1
0.637042862760519 -0.637042862760519 0.42469524184034607 -1.79315768777035 1
-0.637042862760519 0.637042862760519 -0.42469524184034607 1.79315768777035 -1
-0.01936733376371853 -0.03873466752743706 -0.38734667527437056 -6.720464816010329 1
0.01936733376371853 0.03873466752743706 0.38734667527437056 6.720464816010329 -1
0.20321761219305673 -0.2286198137171888 0.6096528365791701 -1.5749364944961897 1
-0.20321761219305673 0.2286198137171888 -0.6096528365791701 1.5749364944961897 -1
1.2987012987012987 -1.2987012987012987 1.3358070500927643 4.044526901669759 1
-1.2987012987012987 1.2987012987012987 -1.3358070500927643 -4.044526901669759 -1
0.4849137931034483 -0.4525862068965517 0.5495689655172413 5.495689655172414 1
-0.4849137931034483 0.4525862068965517 -0.5495689655172413 -5.495689655172414 -1
0.46320123520329387 -0.46320123520329387 0.9881626351003603 2.2542460113226968 1
-0.46320123520329387 0.46320123520329387 -0.9881626351003603 -2.2542460113226968 -1
0.8101667990468625 -0.8101667990468625 0.8578236695790309 1.3820492454328832 1
-0.8101667990468625 0.8101667990468625 -0.8578236695790309 -1.3820492454328832 -1
0.9539473684210527 -0.9210526315789475 0.8223684210526316 4.967105263157895 1
-0.9539473684210527 0.9210526315789475 -0.8223684210526316 -4.967105263157895 -1
0.5949429846306395 -0.5949429846306395 0.9519087754090233 -3.034209221616262 1
-0.5949429846306395 0.5949429846306395 -0.9519087754090233 3.034209221616262 -1
0.23391812865497075 -0.23391812865497075 0.43859649122807015 3.0994152046783623 1
-0.23391812865497075 0.23391812865497075 -0.43859649122807015 -3.0994152046783623 -1
0.3865425912670007 -0.3865425912670007 0.8160343593414459 0.02147458840372226 1
-0.3865425912670007 0.3865425912670007 -0.8160343593414459 -0.02147458840372226 -1
1.0429114611624117 -1.0429114611624117 0.8799565453557849 3.8783269961977185 1
-1.0429114611624117 1.0429114611624117 -0.8799565453557849 -3.8783269961977185 -1
0.75 -0.75 0.5735294117647058 1.8970588235294117 1
-0.75 0.75 -0.5735294117647058 -1.8970588235294117 -1
0.3088441740758072 -0.3088441740758072 0.47730463266261114 3.42536265793168 1
-0.3088441740758072 0.3088441740758072 -0.47730463266261114 -3.42536265793168 -1
0.5248990578734859 -0.5248990578734859 0.8075370121130552 -2.1399730820995964 1
-0.5248990578734859 0.5248990578734859 -0.8075370121130552 2.1399730820995964 -1
1.466275659824047 -1.5249266862170088 0.7038123167155425 9.266862170087975 1
-1.466275659824047 1.5249266862170088 -0.7038123167155425 -9.266862170087975 -1
0.7804370447450573 -0.7492195629552549 0.967741935483871 0.4058272632674298 1
-0.7804370447450573 0.7492195629552549 -0.967741935483871 -0.4058272632674298 -1
1.2244897959183674 -1.2244897959183674 1.0058309037900874 6.209912536443149 1
-1.2244897959183674 1.2244897959183674 -1.0058309037900874 -6.209912536443149 -1
0.59375 -0.5625 0.53125 -0.21875 1
-0.59375 0.5625 -0.53125 0.21875 -1
0.652962515114873 -0.652962515114873 0.652962515114873 3.3736396614268442 1
-0.652962515114873 0.652962515114873 -0.652962515114873 -3.3736396614268442 -1
-0.23154848046309698 0.23154848046309698 0.3473227206946455 0.057887120115774245 1
0.23154848046309698 -0.23154848046309698 -0.3473227206946455 -0.057887120115774245 -1
1.7491166077738516 -1.7491166077738516 1.1660777385159011 11.395759717314487 1
-1.7491166077738516 1.7491166077738516 -1.1660777385159011 -11.395759717314487 -1
0.8379888268156426 -0.893854748603352 0.2793296089385475 4.692737430167598 1
-0.8379888268156426 0.893854748603352 -0.2793296089385475 -4.692737430167598 -1
0.7863247863247863 -0.8547008547008547 0.6153846153846154 2.4615384615384617 1
-0.7863247863247863 0.8547008547008547 -0.6153846153846154 -2.4615384615384617 -1
0.7358201328564129 -0.7051609606540623 0.858456821665815 2.391415431783342 1
-0.7358201328564129 0.7051609606540623 -0.858456821665815 -2.391415431783342 -1
1.0554089709762533 -1.108179419525066 1.3720316622691293 5.277044854881266 1
-1.0554089709762533 1.108179419525066 -1.3720316622691293 -5.277044854881266 -1
0.37243947858473 -0.33519553072625696 0.5586592178770949 2.458100558659218 1
-0.37243947858473 0.33519553072625696 -0.5586592178770949 -2.458100558659218 -1
0.7053941908713692 -0.7053941908713692 0.24896265560165973 6.3070539419087135 1
-0.7053941908713692 0.7053941908713692 -0.24896265560165973 -6.3070539419087135 -1
0.4938271604938272 -0.4938271604938272 0.7716049382716049 -0.8641975308641976 1
-0.4938271604938272 0.4938271604938272 -0.7716049382716049 0.8641975308641976 -1
0.5388069275176395 -0.5388069275176395 0.9621552277100706 -0.7312379730596535 1
-0.5388069275176395 0.5388069275176395 -0.9621552277100706 0.7312379730596535 -1
1.0147058823529411 -1.0147058823529411 1.0588235294117647 2.955882352941176 1
-1.0147058823529411 1.0147058823529411 -1.0588235294117647 -2.955882352941176 -1
0.611260053619303 -0.611260053619303 0.096514745308311 3.2493297587131367 1
-0.611260053619303 0.611260053619303 -0.096514745308311 -3.2493297587131367 -1
0.04530011325028313 -0.04530011325028313 -0.8607021517553795 0.22650056625141562 1
-0.04530011325028313 0.04530011325028313 0.8607021517553795 -0.22650056625141562 -1
0.6498194945848375 -0.6498194945848375 0.34038164002062915 0.40226921093347084 1
-0.6498194945848375 0.6498194945848375 -0.34038164002062915 -0.40226921093347084 -1
0.6888633754305395 -0.6888633754305395 -0.1377726750861079 3.7198622273249136 1
-0.6888633754305395 0.6888633754305395 0.1377726750861079 -3.7198622273249136 -1
-0.1905972045743329 0.2096569250317662 0.2096569250317662 -0.4002541296060991 1
0.1905972045743329 -0.2096569250317662 -0.2096569250317662 0.4002541296060991 -1
-0.22878932316491896 0.22878932316491896 -0.22878932316491896 5.204957102001906 1
0.22878932316491896 -0.22878932316491896 0.22878932316491896 -5.204957102001906 -1
0.6151419558359622 -0.6151419558359622 1.0410094637223974 3.501577287066246 1
-0.6151419558359622 0.6151419558359622 -1.0410094637223974 -3.501577287066246 -1
0.02372479240806643 -0.04744958481613286 0.5693950177935944 2.206405693950178 1
-0.02372479240806643 0.04744958481613286 -0.5693950177935944 -2.206405693950178 -1
0.5862237420615535 -0.5862237420615535 1.084513922813874 -1.4655593551538837 1
-0.5862237420615535 0.5862237420615535 -1.084513922813874 1.4655593551538837 -1
0.8915304606240713 -0.9361069836552749 1.2927191679049035 3.4323922734026744 1
-0.8915304606240713 0.9361069836552749 -1.2927191679049035 -3.4323922734026744 -1
0.24236983842010773 -0.21543985637342908 0.8348294434470377 -2.8007181328545783 1
-0.24236983842010773 0.21543985637342908 -0.8348294434470377 2.8007181328545783 -1
0.3206997084548105 -0.2915451895043732 0.5539358600583091 -2.5072886297376096 1
-0.3206997084548105 0.2915451895043732 -0.5539358600583091 2.5072886297376096 -1
0.4118993135011441 -0.45766590389016015 0.2745995423340961 1.2356979405034325 1
-0.4118993135011441 0.45766590389016015 -0.2745995423340961 -1.2356979405034325 -1
0.3842869342442357 -0.3842869342442357 -0.1537147736976943 0.46114432109308284 1
-0.3842869342442357 0.3842869342442357 0.1537147736976943 -0.46114432109308284 -1
0.40194884287454324 -0.40194884287454324 0.8038976857490865 -0.6577344701583435 1
-0.40194884287454324 0.40194884287454324 -0.8038976857490865 0.6577344701583435 -1
0.3065490013934046 -0.27868091035764053 0.3065490013934046 1.9786344635392477 1
-0.3065490013934046 0.27868091035764053 -0.3065490013934046 -1.9786344635392477 -1
0.4607789358200768 -0.42786615469007133 0.2303894679100384 0.7899067471201316 1
-0.4607789358200768 0.42786615469007133 -0.2303894679100384 -0.7899067471201316 -1
1.1713665943600868 -1.1713665943600868 1.106290672451193 11.193058568329718 1
-1.1713665943600868 1.1713665943600868 -1.106290672451193 -11.193058568329718 -1
0.594059405940594 -0.594059405940594 0.297029702970297 0.594059405940594 1
-0.594059405940594 0.594059405940594 -0.297029702970297 -0.594059405940594 -1
1.5 -1.4444444444444444 1.7777777777777777 5.388888888888889 1
-1.5 1.4444444444444444 -1.7777777777777777 -5.388888888888889 -1
0.6382978723404256 -0.6382978723404256 -0.0671892497200448 1.5117581187010078 1
-0.6382978723404256 0.6382978723404256 0.0671892497200448 -1.5117581187010078 -1
0.4514363885088919 -0.4514363885088919 0.8618331053351573 -2.913816689466484 1
-0.4514363885088919 0.4514363885088919 -0.8618331053351573 2.913816689466484 -1
1.0207939508506616 -1.0775047258979207 0.8506616257088847 7.882797731568998 1
-1.0207939508506616 1.0775047258979207 -0.8506616257088847 -7.882797731568998 -1
0.39959016393442626 -0.39959016393442626 0.46106557377049184 -1.598360655737705 1
-0.39959016393442626 0.39959016393442626 -0.46106557377049184 1.598360655737705 -1
0.5607476635514019 -0.5607476635514019 0.5607476635514019 3.1775700934579443 1
-0.5607476635514019 0.5607476635514019 -0.5607476635514019 -3.1775700934579443 -1
0.29411764705882354 -0.29411764705882354 0.0 -1.7647058823529411 1
-0.29411764705882354 0.29411764705882354 -0.0 1.7647058823529411 -1
0.023612750885478158 0.0 0.6139315230224321 2.3140495867768593 1
-0.023612750885478158 -0.0 -0.6139315230224321 -2.3140495867768593 -1
1.244019138755981 -1.244019138755981 0.6220095693779905 6.172248803827752 1
-1.244019138755981 1.244019138755981 -0.6220095693779905 -6.172248803827752 -1
0.24532710280373832 -0.24532710280373832 0.2102803738317757 2.663551401869159 1
-0.24532710280373832 0.24532710280373832 -0.2102803738317757 -2.663551401869159 -1
1.0434782608695652 -1.0434782608695652 0.6195652173913043 2.3804347826086953 1
-1.0434782608695652 1.0434782608695652 -0.6195652173913043 -2.3804347826086953 -1
0.7378939277478862 -0.7378939277478862 0.9223674096848578 2.628747117601845 1
-0.7378939277478862 0.7378939277478862 -0.9223674096848578 -2.628747117601845 -1
0.3076923076923077 -0.3076923076923077 0.3076923076923077 7.076923076923077 1
-0.3076923076923077 0.3076923076923077 -0.3076923076923077 -7.076923076923077 -1
1.1413043478260871 -1.1413043478260871 0.923913043478261 4.076086956521739 1
-1.1413043478260871 1.1413043478260871 -0.923913043478261 -4.076086956521739 -1
0.9872849663425579 -0.9872849663425579 1.9745699326851158 7.763649962602842 1
-0.9872849663425579 0.9872849663425579 -1.9745699326851158 -7.763649962602842 -1
0.9979209979209979 -0.9979209979209979 0.6237006237006236 7.546777546777546 1
-0.9979209979209979 0.9979209979209979 -0.6237006237006236 -7.546777546777546 -1
-0.3015075376884422 0.3015075376884422 0.0 -0.3015075376884422 1
0.3015075376884422 -0.3015075376884422 -0.0 0.3015075376884422 -1
0.3233048944768747 -0.3502469690166143 0.9968567579703637 1.2932195779074989 1
-0.3233048944768747 0.3502469690166143 -0.9968567579703637 -1.2932195779074989 -1
0.5877551020408163 -0.5877551020408163 0.5877551020408163 1.5673469387755101 1
-0.5877551020408163 0.5877551020408163 -0.5877551020408163 -1.5673469387755101 -1
0.41836141778036023 -0.41836141778036023 0.8367228355607205 -1.1504938988959907 1
-0.41836141778036023 0.41836141778036023 -0.8367228355607205 1.1504938988959907 -1
0.24942263279445726 -0.24942263279445726 0.8036951501154734 -0.5542725173210161 1
-0.24942263279445726 0.24942263279445726 -0.8036951501154734 0.5542725173210161 -1
0.5598755832037325 -0.5598755832037325 0.4665629860031104 0.4976671850699845 1
-0.5598755832037325 0.5598755832037325 -0.4665629860031104 -0.4976671850699845 -1
1.1981082501313716 -1.1350499211770888 1.6079873883342093 0.6621124540199685 1
-1.1981082501313716 1.1350499211770888 -1.6079873883342093 -0.6621124540199685 -1
0.5291523762861342 -0.5291523762861342 0.44096031357177856 0.41156295933366 1
-0.5291523762861342 0.5291523762861342 -0.44096031357177856 -0.41156295933366 -1
0.0 0.0 -0.29850746268656714 7.462686567164179 1
-0.0 -0.0 0.29850746268656714 -7.462686567164179 -1
1.1118464592984778 -1.1118464592984778 0.3970880211780278 2.5413633355393777 1
-1.1118464592984778 1.1118464592984778 -0.3970880211780278 -2.5413633355393777 -1
0.1285714285714286 -0.10714285714285715 0.6 -0.5785714285714286 1
-0.1285714285714286 0.10714285714285715 -0.6 0.5785714285714286 -1
-0.027039206849932402 0.027039206849932402 -0.43262730959891843 2.8391167192429023 1
0.027039206849932402 -0.027039206849932402 0.43262730959891843 -2.8391167192429023 -1
1.0135135135135134 -1.0135135135135134 1.8243243243243243 5.827702702702703 1
-1.0135135135135134 1.0135135135135134 -1.8243243243243243 -5.827702702702703 -1
0.9467455621301776 -0.9467455621301776 0.9467455621301776 5.798816568047338 1
-0.9467455621301776 0.9467455621301776 -0.9467455621301776 -5.798816568047338 -1
0.4106463878326996 -0.4106463878326996 0.6387832699619772 4.288973384030418 1
-0.4106463878326996 0.4106463878326996 -0.6387832699619772 -4.288973384030418 -1
0.6279733587059944 -0.6279733587059944 -0.05708848715509039 0.9705042816365367 1
-0.6279733587059944 0.6279733587059944 0.05708848715509039 -0.9705042816365367 -1
0.6162464985994397 -0.6162464985994397 0.7282913165266106 8.515406162464986 1
-0.6162464985994397 0.6162464985994397 -0.7282913165266106 -8.515406162464986 -1
0.47732696897374705 -0.47732696897374705 0.1431980906921241 5.059665871121719 1
-0.47732696897374705 0.47732696897374705 -0.1431980906921241 -5.059665871121719 -1
0.31413612565445026 -0.31413612565445026 0.0 4.0837696335078535 1
-0.31413612565445026 0.31413612565445026 -0.0 -4.0837696335078535 -1
1.036184210526316 -1.036184210526316 1.7269736842105263 3.1085526315789473 1
-1.036184210526316 1.036184210526316 -1.7269736842105263 -3.1085526315789473 -1
0.4633204633204633 -0.4633204633204633 1.0810810810810811 2.754182754182754 1
-0.4633204633204633 0.4633204633204633 -1.0810810810810811 -2.754182754182754 -1
0.43116490166414523 -0.43116490166414523 -0.1815431164901664 -3.857791225416036 1
-0.43116490166414523 0.43116490166414523 0.1815431164901664 3.857791225416036 -1
0.9617097061442565 -0.9617097061442565 1.1754229741763136 7.319679430097953 1
-0.9617097061442565 0.9617097061442565 -1.1754229741763136 -7.319679430097953 -1
0.1195219123505976 -0.1195219123505976 0.6274900398406374 2.0318725099601593 1
-0.1195219123505976 0.1195219123505976 -0.6274900398406374 -2.0318725099601593 -1
1.3043478260869565 -1.3043478260869565 1.1478260869565218 4.956521739130435 1
-1.3043478260869565 1.3043478260869565 -1.1478260869565218 -4.956521739130435 -1
0.923076923076923 -0.923076923076923 1.4769230769230768 5.076923076923077 1
-0.923076923076923 0.923076923076923 -1.4769230769230768 -5.076923076923077 -1
0.6612784717119765 -0.5731080088170463 0.7053637031594416 7.759000734753857 1
-0.6612784717119765 0.5731080088170463 -0.7053637031594416 -7.759000734753857 -1
0.6122448979591837 -0.6122448979591837 0.6122448979591837 6.73469387755102 1
-0.6122448979591837 0.6122448979591837 -0.6122448979591837 -6.73469387755102 -1
0.5738194859533772 -0.5738194859533772 0.7531380753138075 0.46622833233711897 1
-0.5738194859533772 0.5738194859533772 -0.7531380753138075 -0.46622833233711897 -1
0.903387703889586 -0.903387703889586 0.6398996235884568 -2.1455457967377667 1
-0.903387703889586 0.903387703889586 -0.6398996235884568 2.1455457967377667 -1
0.33602986932171747 -0.33602986932171747 0.7093963907902924 2.6882389545737397 1
-0.33602986932171747 0.33602986932171747 -0.7093963907902924 -2.6882389545737397 -1
0.6526806526806527 -0.6526806526806527 0.32634032634032634 1.864801864801865 1
-0.6526806526806527 0.6526806526806527 -0.32634032634032634 -1.864801864801865 -1
0.3125 -0.3125 0.625 3.9375 1
-0.3125 0.3125 -0.625 -3.9375 -1
0.44098573281452663 -0.44098573281452663 -0.28534370946822313 0.28534370946822313 1
-0.44098573281452663 0.44098573281452663 0.28534370946822313 -0.28534370946822313 -1
0.13895321908290875 -0.13895321908290875 0.47244094488188976 -3.1959240389069015 1
-0.13895321908290875 0.13895321908290875 -0.47244094488188976 3.1959240389069015 -1
0.4890282131661442 -0.4890282131661442 -0.3385579937304075 1.8056426332288402 1
-0.4890282131661442 0.4890282131661442 0.3385579937304075 -1.8056426332288402 -1
0.16830294530154277 -0.16830294530154277 0.8976157082748949 -0.6451612903225806 1
-0.16830294530154277 0.16830294530154277 -0.8976157082748949 0.6451612903225806 -1
0.6537890044576523 -0.6537890044576523 0.6240713224368499 7.8751857355126305 1
-0.6537890044576523 0.6537890044576523 -0.6240713224368499 -7.8751857355126305 -1
0.9366391184573003 -0.9366391184573003 1.4600550964187329 -0.578512396694215 1
-0.9366391184573003 0.9366391184573003 -1.4600550964187329 0.578512396694215 -1
1.3160518444666003 -1.3160518444666003 0.897308075772682 9.631106679960121 1
-1.3160518444666003 1.3160518444666003 -0.897308075772682 -9.631106679960121 -1
0.851063829787234 -0.851063829787234 0.6382978723404256 3.872340425531915 1
-0.851063829787234 0.851063829787234 -0.6382978723404256 -3.872340425531915 -1
0.18010291595197256 -0.2058319039451115 0.10291595197255575 1.3893653516295026 1
-0.18010291595197256 0.2058319039451115 -0.10291595197255575 -1.3893653516295026 -1
-0.24042742653606414 0.213713268032057 -0.5609973285841496 -1.682991985752449 1
0.24042742653606414 -0.213713268032057 0.5609973285841496 1.682991985752449 -1
0.0511727078891258 -0.0511727078891258 0.5884861407249466 0.3582089552238806 1
-0.0511727078891258 0.0511727078891258 -0.5884861407249466 -0.3582089552238806 -1
0.639225181598063 -0.639225181598063 0.17433414043583537 -0.17433414043583537 1
-0.639225181598063 0.639225181598063 -0.17433414043583537 0.17433414043583537 -1
0.6807131280388979 -0.6807131280388979 0.9724473257698542 0.19448946515397084 1
-0.6807131280388979 0.6807131280388979 -0.9724473257698542 -0.19448946515397084 -1
0.3023758099352052 -0.3455723542116631 0.8207343412526998 -1.1231101511879051 1
-0.3023758099352052 0.3455723542116631 -0.8207343412526998 1.1231101511879051 -1
1.2200956937799043 -1.2200956937799043 1.4712918660287082 1.11244019138756 1
-1.2200956937799043 1.2200956937799043 -1.4712918660287082 -1.11244019138756 -1
0.2119205298013245 -0.2119205298013245 0.847682119205298 -2.3046357615894038 1
-0.2119205298013245 0.2119205298013245 -0.847682119205298 2.3046357615894038 -1
0.5155746509129967 -0.5155746509129967 -0.12889366272824918 3.0934479054779804 1
-0.5155746509129967 0.5155746509129967 0.12889366272824918 -3.0934479054779804 -1
0.21712907117008445 -0.25331724969843183 -0.5790108564535585 1.0494571773220749 1
-0.21712907117008445 0.25331724969843183 0.5790108564535585 -1.0494571773220749 -1
